9.621286099300006754e+03
1.675527016271665616e+03
5.205593263030098569e+03
4.622768462804913725e+03
6.821316546602215567e+02
4.632379709490068649e+02
6.298808445945681342e+03
1.004322228885395361e+03
4.606831695676734171e+02
2.167911380659220868e+03
9.318503519014786434e+03
2.331446613574152877e+02
9.312841611009039298e+02
2.953217966501121282e+03
1.777609482937794837e+03
4.659052976518778451e+03
5.389417001509844340e+03
6.037065295931649871e+02
3.953297418061888493e+03
4.707709331715050212e+02
3.126782117939381465e+02
2.311862750627005596e+02
5.161011522344058733e+01
1.213222715977083681e+03
4.950388344188832548e+02
