4.997919474999999693e+03
3.999790000000000418e+02
2.558963456250000036e+03
6.652164125000000467e+02
3.671362999999999488e+02
1.247598106250000001e+03
2.968453325000000405e+03
6.433271437500000047e+02
5.391699437500000158e+02
2.190842849999999999e+03
7.388504474999999729e+03
2.822846062500000244e+02
1.058489424999999983e+03
5.171034525000000031e+03
3.193825375000000122e+02
2.029631606250000004e+03
1.201909200000000055e+03
6.237657375000000002e+02
1.062796212499999911e+03
3.653020874999999705e+02
2.584498500000000263e+02
1.068067750000000018e+02
3.560869375000000048e+01
4.639002687500000093e+02
9.379533125000000382e+01
