2.699465636911951151e+03
2.874487610401151869e+03
2.699459459361619793e+03
2.705275310224772511e+03
6.085076151959804065e+02
1.033192045267128236e+02
2.461489237823363510e+03
5.253950843162081128e+02
1.211628804831488878e+03
2.702882185837559518e+03
7.856802044844537704e+03
1.890980643883827383e+02
2.878432908732837404e+03
2.700569459583293792e+03
5.230968998144945772e+02
2.996447218618507122e+03
2.710848847576105072e+03
7.568726954899140082e+02
1.450268086674200504e+03
2.214063914794064374e+02
2.350398428447171568e+02
2.312683542164275821e+02
1.518323745500605071e+02
5.147681702912617538e+02
3.570396203901981949e+02
