3.560093150545859952e+00
8.073630197359108251e+00
1.860296464736875350e+02
3.560395912076278933e+02
1.232175478925130534e+02
2.165106807597438774e+02
2.242301796747170339e+00
1.311824259858145467e+02
9.640133484441977885e+01
2.384214760380972677e+02
1.342511015580012099e+02
7.614525055306982892e+01
4.604758483316776108e+01
1.868899095135872157e+00
2.458980458210597249e+02
2.727729973484282411e+01
1.063038849240123085e+02
3.594295265311284737e+01
2.085629252300096681e+01
1.238472932333308449e+02
1.756545652154078141e+02
8.928839247719091077e+01
6.265606921361522552e+01
5.995490726949034155e+01
9.713844895477443231e+01
1.014290435452543875e+02
1.498709428925894827e+02
7.485426713832580958e+01
3.643065723890314445e+01
5.606312327848792876e+01
1.882864027596884071e+01
5.457301170603440710e+01
1.134509351934169707e+01
3.403764975461970721e+01
8.939744384191729409e+01
2.286364156705850803e+01
5.986575557183400065e+01
5.877483995931089567e+01
5.761481238941676963e+01
2.372251333538547158e+01
8.533693082795780072e+01
2.999645927617963821e+02
8.589417998550544553e+01
9.224238826647733447e+01
2.239347079688971931e+01
2.495374331993044237e+01
1.372218820174698521e+02
3.906313445343392488e+01
9.313793737171867093e+00
1.012086122232271350e+02
8.979764726170630595e+00
9.509175183552393662e+01
7.834135059341505780e+00
2.949672900805485298e+01
9.753689903431434516e+01
1.389513398773584996e+01
2.922813512113241075e+01
1.065340013296263955e+01
9.270498263512388704e+00
7.814843012777915021e+01
1.202210292076560023e+02
2.178281154145917942e+00
1.211581433734096862e+02
1.060039874362474421e+01
4.374195049846957950e+00
7.724773019317475509e+00
4.187672982071029892e+00
6.707801315105595563e+01
5.149905077520806174e+00
1.563836136274500888e+01
3.893703031416837934e+00
9.092840580245386661e+00
2.697139038627413399e+01
2.154368487802516086e+01
3.160290957159945080e+01
1.357072886598429662e+01
1.368022604874821901e+01
4.869799651677211472e+01
5.191022716877760246e+01
3.061227207239302572e+01
2.786437894543211513e+01
1.285514943917094532e+00
6.592842671444434366e+00
3.813660555092156290e+00
1.260053754921560376e+01
3.203020978576478228e+01
1.610430213464324112e+01
1.452042903883468306e+01
8.677434686719555756e+00
6.267251334047490019e+01
9.479755048086033753e+01
3.947970701088787138e+01
1.749445123492274945e+01
1.167833443180498598e+01
1.509245897788507129e+01
2.740428948725855207e+01
2.890811728283550792e+02
1.341034737942036870e+01
1.554489009930354015e+01
