1.306112805495736247e+05
9.286211169383001106e+04
1.217645632087532249e+04
5.206016139973979989e+03
5.055699388518661181e+03
7.257831555313791796e+02
3.886648274360257346e+03
3.723761587504012823e+03
2.675447415499656472e+03
1.913122061352506307e+03
1.590083993549910019e+03
7.360618859486606880e+02
1.529698177519609089e+03
1.261157265491551243e+03
1.283625365117721913e+03
3.467043512995101651e+02
4.127568118505276402e+02
1.362835706871620403e+02
4.189124007672898529e+02
1.460786389289945419e+03
6.724692626885268965e+02
7.992307283817358439e+02
7.599050138027622552e+02
6.359452500618036765e+02
1.140493194760774031e+03
2.557818088857177656e+02
8.518157924784447914e+02
5.149121310366793978e+02
3.094071343653969848e+02
3.756825545702878344e+02
3.377759603044368077e+02
1.551240845732992739e+03
8.839653891079416326e+01
7.216154900013562212e+01
5.810164096773245319e+02
3.687921155451156210e+02
7.893333255319065529e+02
4.670311505468573046e+02
1.809102824637742799e+02
1.252632013340207777e+02
1.999480183502442969e+02
1.109816942625129059e+03
3.046511761677518280e+02
1.225465272877473382e+02
1.060071156441778868e+02
1.562445102828708627e+02
2.561485587029281987e+02
1.338545563819326389e+02
7.368978914678245928e+01
1.230487443303107966e+02
5.026082500254552770e+02
1.449305474327619265e+02
8.280441846125367533e+01
1.744752204282484911e+02
6.306053972399503209e+02
7.440438846395258565e+01
5.340471264862064515e+01
8.063168120378358594e+01
3.762570023021579146e+01
6.005032798440814901e+01
2.208203677995913665e+02
3.151988127462459843e+01
2.131307318701469811e+01
1.097493078543312919e+02
9.110962951483401184e+01
3.574178682191372047e+01
6.958388765721134916e+01
3.634480171425174717e+02
4.740580238599272178e+01
4.314687613468221627e+01
4.949180838316485875e+01
3.584424613652359426e+01
6.907700783874001615e+01
8.579519186934234654e+01
6.473496978522352663e+01
2.110943576945244615e+01
3.734824445114826830e+01
6.471817656824379128e+01
2.603622681370412550e+01
4.190975013744118627e+01
1.470012197455948240e+02
2.136194447967109511e+01
2.107561854902002807e+01
5.012241676483643715e+01
1.611202905192885027e+01
3.863354399523530702e+01
1.013827603015721763e+02
3.328887453386788309e+01
1.140905051852712582e+01
2.814576875345434246e+02
7.924357360388185612e+01
2.976048405515886941e+01
3.253757262136826967e+01
1.117342840836648321e+01
3.219829410856899443e+01
2.531826688905893619e+01
8.574712558834488618e+02
2.412655694646080917e+01
2.890934952307075889e+01
