4.392275466686541563e+00
8.924093549419394478e+00
2.106793075068259782e+02
3.747634897073816660e+02
1.466906292659333815e+02
3.486576597571733487e+02
2.406572017989383028e+00
1.649622414782134285e+02
1.161246238295553042e+02
2.715655387694367278e+02
1.527004366800462094e+02
8.313434921914816300e+01
5.296044026934519167e+01
2.126571976485840842e+00
2.709309851724672740e+02
3.277212667842528049e+01
1.244498673598779988e+02
4.186811906147420359e+01
2.386541438106822000e+01
1.437412028020725359e+02
2.100959625253548495e+02
1.025455453816369129e+02
7.356608769324439834e+01
6.783347478631270633e+01
1.134574866894599410e+02
1.184398473614857608e+02
1.760533571067536514e+02
9.177900894203490623e+01
4.349525658089966385e+01
6.584768126342592609e+01
2.253430270768618016e+01
6.228755982358005383e+01
1.199704304679342393e+01
4.777314336067179568e+01
9.896578299429438630e+01
2.783984021517212426e+01
6.348736145550024190e+01
6.947749818362504470e+01
7.070421650122897006e+01
2.710379458225360239e+01
9.389263314835734775e+01
3.555369904932101690e+02
9.692065983119499606e+01
1.072741552306693507e+02
2.391108246355343780e+01
2.800749198702840559e+01
1.466769009543926927e+02
4.750832400824857160e+01
1.013175398770243696e+01
1.161318406507724319e+02
1.011844434076020072e+01
1.125101680989058224e+02
9.092691608855048457e+00
3.221221803749780577e+01
1.089418968160948538e+02
1.780829883682697812e+01
3.643599085746318877e+01
1.260762411835628782e+01
1.126305708037152264e+01
9.898104990120775426e+01
1.388423890938566103e+02
2.875735555074487859e+00
1.457626506569773142e+02
1.333424503798923944e+01
5.193942423986272594e+00
9.474401190219980506e+00
4.541830530187901616e+00
7.844339460432669853e+01
5.786093982755862619e+00
1.725732571849796670e+01
4.738487072872847428e+00
1.024043495356978895e+01
3.755195119576249851e+01
2.512622514468212742e+01
3.739863622336454796e+01
2.860784308494909922e+01
1.552819528343618494e+01
5.511605834265012760e+01
6.957391468237226206e+01
3.627847421917170578e+01
3.233148373877638448e+01
1.469951829587751391e+00
8.011167351865767117e+00
4.619498714906567827e+00
1.358693004542945459e+01
3.926875990173661535e+01
1.861714126025356819e+01
1.659378460375594955e+01
1.124307375845140378e+01
6.619764998154616364e+01
1.148516794001910597e+02
4.719045033449243221e+01
2.084395026078375679e+01
1.567842581760544896e+01
1.751091087899142806e+01
3.126673431642571543e+01
3.156409666006643420e+02
1.602048105814943924e+01
1.745853015700352984e+01
