1.175458372000000090e+05
7.607560850000000210e+04
8.852910600000001068e+03
3.161015900000000329e+03
4.174341500000000451e+03
5.053154000000000110e+02
2.761889400000000023e+03
2.465430400000000191e+03
2.132419599999999718e+03
1.251408000000000129e+03
1.140214199999999892e+03
5.786244000000000369e+02
1.065893399999999929e+03
8.678950999999999567e+02
8.469141999999999371e+02
3.032429000000000201e+02
3.471827999999999861e+02
1.112377000000000038e+02
2.906077999999999975e+02
1.119257599999999911e+03
5.600548999999999751e+02
5.691228999999999587e+02
5.115633999999999446e+02
4.389883000000000379e+02
8.350592999999998938e+02
2.061040000000000134e+02
5.823737999999999602e+02
3.650769000000000233e+02
2.662042999999999893e+02
2.595289999999999964e+02
2.387540000000000191e+02
9.872802000000000362e+02
7.969620000000000459e+01
6.082229999999999848e+01
3.674580000000000268e+02
2.492695999999999970e+02
5.179466999999999643e+02
2.986770000000000209e+02
1.532798999999999978e+02
1.008085000000000093e+02
1.531110999999999933e+02
8.166274000000000797e+02
2.135054000000000087e+02
9.745510000000000161e+01
8.405840000000000600e+01
1.401228000000000122e+02
1.673526999999999987e+02
1.179106999999999914e+02
6.403730000000000189e+01
9.052740000000000009e+01
3.282724000000000046e+02
1.237908000000000044e+02
6.353029999999999688e+01
1.086668000000000092e+02
4.304732999999999947e+02
6.027700000000000102e+01
4.715579999999999927e+01
5.852459999999999951e+01
3.259230000000000160e+01
4.899140000000000583e+01
1.406398000000000081e+02
2.619269999999999854e+01
1.794000000000000128e+01
7.339000000000000057e+01
6.330859999999999843e+01
2.975449999999999662e+01
5.554510000000000502e+01
2.293634000000000128e+02
3.069239999999999924e+01
3.317600000000000193e+01
3.533299999999999841e+01
2.825489999999999924e+01
5.056499999999999773e+01
7.161399999999999011e+01
4.320329999999999870e+01
2.588679999999999737e+01
2.680640000000000001e+01
4.201340000000000430e+01
2.325590000000000046e+01
3.098050000000000281e+01
1.030335000000000036e+02
2.203340000000000032e+01
1.752420000000000044e+01
3.600590000000000401e+01
1.167799999999999905e+01
2.878229999999999933e+01
6.211720000000000397e+01
2.698750000000000071e+01
9.449099999999999611e+00
1.765852000000000146e+02
4.193359999999999843e+01
2.275570000000000093e+01
2.753610000000000113e+01
1.084089999999999954e+01
2.282849999999999824e+01
1.887589999999999790e+01
5.283749000000000251e+02
2.009890000000000043e+01
1.835239999999999938e+01
