2.022504639972610457e+05
1.352622814678700524e+05
1.819129191542151966e+04
6.491269128387280944e+03
7.468656192265067148e+03
8.274663987450496734e+02
5.828801569408627984e+03
5.783783593443584323e+03
3.359159822861014618e+03
2.771162410478857510e+03
2.492092907049879614e+03
1.104781178004168396e+03
2.214599311140379086e+03
1.727353061536483892e+03
1.846322235545585499e+03
5.290788186451844695e+02
6.473003086445349936e+02
1.974034093313162259e+02
5.929132547357853582e+02
2.244164447132214718e+03
9.794000051211552318e+02
1.176627316265595709e+03
1.103584226746017066e+03
8.863801357921767021e+02
1.705447954317770154e+03
3.670795337481756064e+02
1.272189866214680478e+03
7.777623579833764325e+02
4.619998298813827660e+02
5.597457252757019432e+02
5.048489857825636022e+02
2.298351715811906615e+03
1.335209378615322464e+02
1.034832467861076140e+02
6.579828884331047902e+02
5.726176563831605790e+02
1.180491870786564050e+03
6.644102974510486774e+02
2.692479145064953627e+02
1.861120958278047794e+02
2.835059546604121010e+02
1.648957886143875839e+03
4.741309272607959997e+02
1.784177813133875077e+02
1.550251555231766076e+02
2.535650124971444086e+02
3.293777911283381172e+02
2.014801847048712773e+02
1.145645547871832974e+02
1.633506607484914923e+02
6.639494807372137757e+02
2.224002012818102685e+02
1.195716153500648460e+02
2.405398320363483151e+02
1.040155029457188903e+03
1.055319410791738619e+02
7.897815849114795128e+01
1.053606904032812963e+02
5.970812997235974962e+01
8.716977838616836038e+01
3.391976120459711979e+02
4.796023330623604153e+01
3.357131848383711770e+01
1.629083429216940146e+02
1.387186933153170116e+02
5.437616689752989885e+01
1.019588985414756621e+02
5.378795934511638279e+02
6.714076880239913692e+01
6.310100142605801210e+01
7.781956032836714598e+01
5.818936999166651702e+01
9.584943195317977427e+01
1.322830632335437997e+02
8.833809312035819516e+01
4.836979716782292371e+01
5.235687119910568299e+01
9.473545871585194789e+01
4.055643698419758181e+01
6.249326723452637111e+01
2.232515171112836754e+02
3.278311811256122610e+01
3.145160229952427855e+01
7.168040920714585695e+01
2.198242034098064224e+01
5.174612866533639988e+01
1.525992413876275577e+02
5.169340305915348210e+01
1.729247509839949615e+01
3.918786378617060109e+02
1.047388226518202714e+02
4.711890631272138563e+01
5.031132369260313908e+01
1.847438577400417969e+01
4.928196784878022640e+01
3.428747164843820627e+01
1.150069568449287090e+03
3.641391890512991125e+01
3.516842061937333597e+01
