3.664464397388504047e+00
7.558083477333399358e+00
1.751132350205577097e+02
3.114768404416599310e+02
1.236095289460262450e+02
2.284906744252809574e+02
2.197566165591879006e+00
1.346331981715008510e+02
9.888961298111928500e+01
2.278798882014646381e+02
1.274201794517621664e+02
6.920994973887167134e+01
4.519602856150556391e+01
1.812178503819426467e+00
2.300940239639994900e+02
2.771961820732909487e+01
1.020545330191195603e+02
3.442239949947690292e+01
1.993456870560429550e+01
1.173187112101049223e+02
1.696327595323967898e+02
8.231130444235633092e+01
6.116669465605765765e+01
5.650083217335103569e+01
9.153963442794500338e+01
1.003734383200127667e+02
1.454868767020483062e+02
7.725816602591001470e+01
3.658990976483325142e+01
5.558036733919712447e+01
1.890845591832975359e+01
5.058278143575913077e+01
1.025898643731867033e+01
3.747495974260346685e+01
8.102093399876197566e+01
2.344886654837772966e+01
5.519571937788041538e+01
5.970729510231873149e+01
5.836851805748332112e+01
2.339113346369844493e+01
8.274112128758852691e+01
2.823859427809254612e+02
8.224389424504150270e+01
8.872205573927587352e+01
2.096388645140476470e+01
2.454036242102186449e+01
1.216303917594056117e+02
3.977881818778976708e+01
8.464748832015965618e+00
9.584492056539011173e+01
8.963670692871835044e+00
9.370915491181058599e+01
7.280664294029651984e+00
2.652896419091940317e+01
9.283330878491108251e+01
1.500123653255520395e+01
3.050016021667149602e+01
1.063099477408494131e+01
9.273716302483967056e+00
8.323116185573091741e+01
1.117144058782287317e+02
2.309538537017352677e+00
1.203755540531608261e+02
1.124887699106407446e+01
4.223291426860154019e+00
8.083812665499142014e+00
4.165738672169349677e+00
6.426104923652890477e+01
4.925089637408434307e+00
1.426627566378810386e+01
4.046543274407841118e+00
8.767865467296342530e+00
3.154438689642266525e+01
2.117002544458232194e+01
3.146215089238989293e+01
2.218428689487254246e+01
1.331976520531486408e+01
4.715713492303852661e+01
5.794964191202932824e+01
3.091263382025568518e+01
2.699222698223170980e+01
1.238168496001168517e+00
6.752629453416453487e+00
3.991339831534475024e+00
1.159091441829134617e+01
3.252324757236062425e+01
1.598053521221783768e+01
1.405679764707107537e+01
9.404341159967623653e+00
5.943671189667573884e+01
8.972001599331818511e+01
3.839845872757214096e+01
1.770900330865464056e+01
1.237069171895582187e+01
1.520629717988250107e+01
2.668777226013098414e+01
2.764646023849746257e+02
1.366402496452976223e+01
1.502128195476756822e+01
